10 10 3
0 0 0
0 30.9 426.1
0 32.4 419.8
1 48.3 422.5
0 45.9 423.9
0 53.1 417.5
1 50.0 410.8
0 46.1 423.3
0 36.1 421.6
0 38.2 429.1
1 35.8 418.1
1 32.9 421.0
0 25.0 900.0
0 57.6 422.0
1 69.7 415.1
0 68.9 417.8
0 68.5 411.8
0 53.0 410.3
0 50.2 412.7
0 28.0 850.0
0 33.7 428.2
0 43.2 415.2
0 63.5 424.7
0 78.1 429.0
0 88.9 420.7
1 86.8 412.6
0 79.4 419.4
0 65.9 420.0
0 61.8 417.4
0 56.1 420.8
1 49.4 416.2
0 44.3 424.7
0 69.8 413.6
0 91.5 423.6
0 95.0 426.0
0 95.0 427.6
1 95.0 415.9
0 85.5 427.7
0 71.8 429.8
0 58.6 415.1
0 46.2 428.8
0 53.3 418.9
0 67.1 421.2
1 94.7 415.8
0 95.0 427.6
0 95.0 411.8
0 95.0 426.1
0 95.0 425.9
0 90.7 413.1
1 75.7 415.1
0 60.0 426.1
0 47.0 427.4
0 68.5 411.0
0 77.8 410.6
0 91.1 410.8
0 95.0 411.3
1 140.0 950.0
0 95.0 417.2
0 95.0 419.7
0 90.6 426.2
0 73.5 424.1
0 43.3 420.4
0 57.9 418.6
0 74.5 420.2
0 84.3 429.4
0 93.4 424.5
1 95.0 426.0
1 56.2 411.5
0 95.0 420.8
0 87.9 429.5
0 71.0 423.9
1 45.2 416.6
0 49.8 422.0
0 61.8 412.7
1 65.5 420.1
1 45.5 411.4
0 93.1 413.2
0 92.3 422.3
0 91.5 424.1
0 83.3 413.5
0 67.7 411.9
1 36.6 413.2
0 32.0 880.0
0 48.5 423.1
0 62.2 423.3
0 59.3 414.2
0 78.5 428.9
0 75.2 413.8
1 80.0 429.3
0 30.0 920.0
1 57.1 429.3
0 31.1 410.3
0 43.3 415.3
0 47.1 410.8
1 46.7 428.0
0 50.0 427.0
0 57.9 413.3
0 61.9 414.9
0 53.7 416.3
0 50.5 423.9
0 39.7 422.1
0 29.0 424.8
0 35.0 421.9
0 41.1 418.9
0 46.2 420.7
0 41.7 423.8
0 43.8 420.3
0 43.9 421.4
0 35.3 411.2
0 31.9 426.9
1 28.4 415.9
0 31.0 419.9
0 39.4 426.8
0 55.4 423.1
0 70.6 420.9
0 70.3 412.6
0 57.8 425.7
1 47.6 420.7
0 45.9 428.6
1 34.1 418.2
0 35.1 412.7
0 38.2 419.8
0 62.6 416.5
0 76.3 423.5
0 83.9 423.9
0 88.0 418.6
0 73.6 418.2
0 63.2 424.3
0 50.2 417.8
0 43.3 412.8
1 36.7 425.7
1 43.0 427.1
0 60.5 413.5
0 83.2 414.2
0 95.0 417.9
0 95.0 426.9
0 91.8 414.5
0 85.5 410.2
1 70.4 410.5
0 60.5 422.7
0 45.8 426.4
1 47.3 427.9
0 71.6 415.1
0 85.5 424.6
0 95.0 425.9
0 95.0 415.5
1 56.8 422.3
0 95.0 418.2
0 80.9 414.0
0 69.5 429.7
0 56.8 417.3
0 35.9 424.4
0 57.0 422.3
0 81.9 420.2
0 90.2 419.1
0 95.0 429.9
1 45.2 417.7
1 67.8 410.1
1 47.8 421.4
0 89.0 416.1
0 69.1 416.3
0 34.6 418.6
0 46.6 421.3
0 69.6 412.5
0 72.0 418.5
0 87.4 422.6
1 52.8 417.2
0 35.0 940.0
1 47.1 425.9
0 83.2 415.4
0 68.8 410.6
0 35.6 414.8
1 47.1 413.4
0 48.4 417.3
0 64.8 419.1
0 38.0 910.0
1 62.8 428.1
1 50.0 418.3
1 62.5 415.2
1 61.0 428.6
0 64.5 419.5
1 52.9 426.7
0 44.7 411.6
0 52.6 426.3
0 57.1 415.1
0 58.8 421.1
0 70.9 413.4
0 73.0 415.8
0 76.3 416.7
0 58.4 411.2
0 44.8 412.2
0 26.0 417.8
0 29.2 418.7
0 41.8 414.1
0 46.9 423.1
0 52.8 414.3
0 54.8 424.4
0 49.4 415.4
0 51.7 418.0
0 43.0 428.7
1 54.2 429.5
0 21.2 411.3
0 27.4 418.2
0 37.5 418.1
0 41.2 411.4
0 44.1 415.0
0 41.6 417.8
0 28.3 421.4
1 51.8 424.9
0 21.1 422.2
0 29.1 416.5
0 26.4 427.2
0 37.0 410.7
0 49.3 415.1
0 58.2 428.1
0 62.8 419.2
0 50.9 414.0
0 41.8 419.4
0 41.4 427.9
0 34.5 422.4
0 31.6 414.0
0 37.8 410.2
0 49.8 415.6
0 65.3 414.8
0 77.0 413.4
0 84.5 417.3
0 76.5 419.2
0 61.3 420.7
0 47.0 422.1
0 46.7 422.5
0 35.2 415.8
0 37.8 416.0
0 56.9 420.6
1 83.6 422.4
0 95.0 418.7
0 95.0 412.7
0 86.2 412.4
0 71.4 424.4
0 27.0 870.0
0 49.8 413.5
0 40.2 425.3
0 43.1 422.3
0 63.8 428.0
0 77.3 419.9
0 95.0 420.3
0 93.7 426.3
1 66.7 426.5
0 94.1 415.2
0 76.2 417.2
0 72.3 428.9
0 50.8 424.5
0 37.6 418.4
0 51.2 416.9
0 68.8 412.2
0 82.1 411.7
1 50.9 417.8
0 95.0 415.2
0 95.0 412.2
0 95.0 424.0
0 79.2 421.9
0 62.0 427.3
0 36.3 421.7
0 50.1 427.1
0 55.6 425.1
0 69.6 412.0
0 85.7 416.5
0 91.4 416.5
1 51.3 420.2
0 95.0 421.3
0 87.0 419.2
0 60.9 423.3
0 28.9 414.1
0 40.3 424.1
0 50.4 417.9
0 53.2 422.8
0 66.7 415.6
0 79.1 425.4
0 85.0 424.7
0 84.6 419.6
0 71.4 419.3
0 51.6 427.0
0 23.3 421.6
0 39.1 419.2
0 46.8 417.0
0 53.3 410.7
0 47.9 430.0
0 60.8 410.8
1 52.2 412.2
0 62.3 427.7
0 61.9 418.0
0 45.9 427.1
0 24.5 420.6
0 33.0 417.3
0 32.2 421.2
0 38.3 419.7
0 42.1 418.2
0 39.4 419.9
0 46.7 412.7
0 44.9 414.3
0 45.0 418.5
0 27.2 418.1
